"int_pos";"var_name";"x";"label";"length";"decimal_places";"fin_pos";"col_type";"CHAR"
1;"V0101";"$4.";"";4;0;4;"c";TRUE
5;"V0102";"$8.";"";8;0;12;"c";TRUE
13;"V0103";"$3.";"";3;0;15;"c";TRUE
16;"V0301";"$2.";"";2;0;17;"c";TRUE
18;"V0302";"$1.";"";1;0;18;"c";TRUE
19;"V3031";"$2.";"";2;0;20;"c";TRUE
21;"V3032";"$2.";"";2;0;22;"c";TRUE
23;"V3033";"$4.";"";4;0;26;"c";TRUE
27;"V8005";"$3.";"";3;0;29;"c";TRUE
30;"V0401";"$1.";"";1;0;30;"c";TRUE
31;"V0402";"$1.";"";1;0;31;"c";TRUE
32;"V0403";"$1.";"";1;0;32;"c";TRUE
33;"V0404";"$1.";"";1;0;33;"c";TRUE
34;"V0405";"$1.";"";1;0;34;"c";TRUE
35;"V0406";"$1.";"";1;0;35;"c";TRUE
36;"V0407";"$2.";"";2;0;37;"c";TRUE
38;"V0408";"$1.";"";1;0;38;"c";TRUE
39;"V0409";"$1.";"";1;0;39;"c";TRUE
40;"V0410";"$1.";"";1;0;40;"c";TRUE
41;"V0411";"$2.";"";2;0;42;"c";TRUE
43;"V0501";"$1.";"";1;0;43;"c";TRUE
44;"V0502";"$1.";"";1;0;44;"c";TRUE
45;"V5030";"$2.";"";2;0;46;"c";TRUE
47;"V0504";"$1.";"";1;0;47;"c";TRUE
48;"V0505";"$1.";"";1;0;48;"c";TRUE
49;"V5061";"$1.";"";1;0;49;"c";TRUE
50;"V5062";"$1.";"";1;0;50;"c";TRUE
51;"V5063";"$1.";"";1;0;51;"c";TRUE
52;"V5064";"$1.";"";1;0;52;"c";TRUE
53;"V5065";"$1.";"";1;0;53;"c";TRUE
54;"V0507";"$1.";"";1;0;54;"c";TRUE
55;"V5080";"$2.";"";2;0;56;"c";TRUE
57;"V5090";"$2.";"";2;0;58;"c";TRUE
59;"V0510";"$1.";"";1;0;59;"c";TRUE
60;"V0511";"$1.";"";1;0;60;"c";TRUE
61;"V5121";"$1.";"";1;0;61;"c";TRUE
62;"V5122";"$1.";"";1;0;62;"c";TRUE
63;"V5123";"$1.";"";1;0;63;"c";TRUE
64;"V5124";"$1.";"";1;0;64;"c";TRUE
65;"V5125";"$1.";"";1;0;65;"c";TRUE
66;"V0601";"$1.";"";1;0;66;"c";TRUE
67;"V0602";"$1.";"";1;0;67;"c";TRUE
68;"V6002";"$1.";"";1;0;68;"c";TRUE
69;"V6003";"$2.";"";2;0;70;"c";TRUE
71;"V6030";"$1.";"";1;0;71;"c";TRUE
72;"V0604";"$1.";"";1;0;72;"c";TRUE
73;"V0605";"$1.";"";1;0;73;"c";TRUE
74;"V0606";"$1.";"";1;0;74;"c";TRUE
75;"V6007";"$2.";"";2;0;76;"c";TRUE
77;"V6070";"$1.";"";1;0;77;"c";TRUE
78;"V0608";"$1.";"";1;0;78;"c";TRUE
79;"V0609";"$1.";"";1;0;79;"c";TRUE
80;"V0610";"$1.";"";1;0;80;"c";TRUE
81;"V0611";"$1.";"";1;0;81;"c";TRUE
82;"V0701";"$1.";"";1;0;82;"c";TRUE
83;"V0702";"$1.";"";1;0;83;"c";TRUE
84;"V0703";"$1.";"";1;0;84;"c";TRUE
85;"V0704";"$1.";"";1;0;85;"c";TRUE
86;"V0705";"$1.";"";1;0;86;"c";TRUE
87;"V7060";"$4.";"";4;0;90;"c";TRUE
91;"V7070";"$5.";"";5;0;95;"c";TRUE
96;"V0708";"$1.";"";1;0;96;"c";TRUE
97;"V7090";"$4.";"";4;0;100;"c";TRUE
101;"V7100";"$5.";"";5;0;105;"c";TRUE
106;"V0711";"$1.";"";1;0;106;"c";TRUE
107;"V7121";"$1.";"";1;0;107;"c";TRUE
108;"V7122";"12.";"";12;0;119;"d";FALSE
120;"V7124";"$1.";"";1;0;120;"c";TRUE
121;"V7125";"12.";"";12;0;132;"d";FALSE
133;"V7127";"$1.";"";1;0;133;"c";TRUE
134;"V7128";"$1.";"";1;0;134;"c";TRUE
135;"V0713";"2.";"";2;0;136;"i";FALSE
137;"V0714";"$1.";"";1;0;137;"c";TRUE
138;"V0715";"2.";"";2;0;139;"i";FALSE
140;"V9001";"$1.";"";1;0;140;"c";TRUE
141;"V9002";"$1.";"";1;0;141;"c";TRUE
142;"V9003";"$1.";"";1;0;142;"c";TRUE
143;"V9004";"$1.";"";1;0;143;"c";TRUE
144;"V9005";"$1.";"";1;0;144;"c";TRUE
145;"V9906";"$4.";"";4;0;148;"c";TRUE
149;"V9907";"$5.";"";5;0;153;"c";TRUE
154;"V9008";"$2.";"";2;0;155;"c";TRUE
156;"V9009";"$1.";"";1;0;156;"c";TRUE
157;"V9010";"$1.";"";1;0;157;"c";TRUE
158;"V9011";"$1.";"";1;0;158;"c";TRUE
159;"V9012";"$1.";"";1;0;159;"c";TRUE
160;"V9013";"$1.";"";1;0;160;"c";TRUE
161;"V9014";"$1.";"";1;0;161;"c";TRUE
162;"V9151";"$1.";"";1;0;162;"c";TRUE
163;"V9152";"11.";"";11;0;173;"d";FALSE
174;"V9154";"7.";"";7;0;180;"i";FALSE
181;"V9156";"$1.";"";1;0;181;"c";TRUE
182;"V9157";"11.";"";11;0;192;"d";FALSE
193;"V9159";"7.";"";7;0;199;"i";FALSE
200;"V9161";"$1.";"";1;0;200;"c";TRUE
201;"V9162";"11.";"";11;0;211;"d";FALSE
212;"V9164";"7.";"";7;0;218;"i";FALSE
219;"V9016";"$1.";"";1;0;219;"c";TRUE
220;"V9017";"$1.";"";1;0;220;"c";TRUE
221;"V9018";"$1.";"";1;0;221;"c";TRUE
222;"V9019";"$1.";"";1;0;222;"c";TRUE
223;"V9201";"$1.";"";1;0;223;"c";TRUE
224;"V9202";"11.";"";11;0;234;"d";FALSE
235;"V9204";"7.";"";7;0;241;"i";FALSE
242;"V9206";"$1.";"";1;0;242;"c";TRUE
243;"V9207";"11.";"";11;0;253;"d";FALSE
254;"V9209";"7.";"";7;0;260;"i";FALSE
261;"V9211";"$1.";"";1;0;261;"c";TRUE
262;"V9212";"11.";"";11;0;272;"d";FALSE
273;"V9214";"7.";"";7;0;279;"i";FALSE
280;"V9021";"$1.";"";1;0;280;"c";TRUE
281;"V9022";"$1.";"";1;0;281;"c";TRUE
282;"V9023";"$1.";"";1;0;282;"c";TRUE
283;"V9024";"$1.";"";1;0;283;"c";TRUE
284;"V9025";"$1.";"";1;0;284;"c";TRUE
285;"V9026";"$1.";"";1;0;285;"c";TRUE
286;"V9027";"$1.";"";1;0;286;"c";TRUE
287;"V9028";"$1.";"";1;0;287;"c";TRUE
288;"V9029";"$1.";"";1;0;288;"c";TRUE
289;"V9030";"$1.";"";1;0;289;"c";TRUE
290;"V9031";"$1.";"";1;0;290;"c";TRUE
291;"V9032";"$1.";"";1;0;291;"c";TRUE
292;"V9033";"$1.";"";1;0;292;"c";TRUE
293;"V9034";"$1.";"";1;0;293;"c";TRUE
294;"V9035";"$1.";"";1;0;294;"c";TRUE
295;"V9036";"$1.";"";1;0;295;"c";TRUE
296;"V9037";"$1.";"";1;0;296;"c";TRUE
297;"V9038";"1.";"";1;0;297;"i";FALSE
298;"V9039";"1.";"";1;0;298;"i";FALSE
299;"V9040";"$1.";"";1;0;299;"c";TRUE
300;"V9041";"$1.";"";1;0;300;"c";TRUE
301;"V9042";"$1.";"";1;0;301;"c";TRUE
302;"V9043";"$1.";"";1;0;302;"c";TRUE
303;"V9044";"$1.";"";1;0;303;"c";TRUE
304;"V9045";"$1.";"";1;0;304;"c";TRUE
305;"V9046";"$1.";"";1;0;305;"c";TRUE
306;"V9047";"$1.";"";1;0;306;"c";TRUE
307;"V9048";"$1.";"";1;0;307;"c";TRUE
308;"V9049";"$1.";"";1;0;308;"c";TRUE
309;"V9050";"$1.";"";1;0;309;"c";TRUE
310;"V9051";"$1.";"";1;0;310;"c";TRUE
311;"V9052";"$1.";"";1;0;311;"c";TRUE
312;"V9531";"$1.";"";1;0;312;"c";TRUE
313;"V9532";"12.";"";12;0;324;"d";FALSE
325;"V9534";"$1.";"";1;0;325;"c";TRUE
326;"V9535";"12.";"";12;0;337;"d";FALSE
338;"V9537";"$1.";"";1;0;338;"c";TRUE
339;"V9054";"$1.";"";1;0;339;"c";TRUE
340;"V9055";"$1.";"";1;0;340;"c";TRUE
341;"V9056";"$1.";"";1;0;341;"c";TRUE
342;"V9057";"$1.";"";1;0;342;"c";TRUE
343;"V9058";"2.";"";2;0;344;"i";FALSE
345;"V9059";"$1.";"";1;0;345;"c";TRUE
346;"V9060";"$1.";"";1;0;346;"c";TRUE
347;"V9611";"2.";"";2;0;348;"i";FALSE
349;"V9612";"2.";"";2;0;350;"i";FALSE
351;"V9062";"$1.";"";1;0;351;"c";TRUE
352;"V9063";"$1.";"";1;0;352;"c";TRUE
353;"V9064";"2.";"";2;0;354;"i";FALSE
355;"V9065";"$1.";"";1;0;355;"c";TRUE
356;"V9066";"$1.";"";1;0;356;"c";TRUE
357;"V9067";"$1.";"";1;0;357;"c";TRUE
358;"V9068";"$1.";"";1;0;358;"c";TRUE
359;"V9069";"$1.";"";1;0;359;"c";TRUE
360;"V9070";"$1.";"";1;0;360;"c";TRUE
361;"V9971";"$4.";"";4;0;364;"c";TRUE
365;"V9972";"$5.";"";5;0;369;"c";TRUE
370;"V9073";"$2.";"";2;0;371;"c";TRUE
372;"V9074";"$1.";"";1;0;372;"c";TRUE
373;"V9075";"$1.";"";1;0;373;"c";TRUE
374;"V9076";"$1.";"";1;0;374;"c";TRUE
375;"V9077";"$1.";"";1;0;375;"c";TRUE
376;"V9078";"$1.";"";1;0;376;"c";TRUE
377;"V9079";"$1.";"";1;0;377;"c";TRUE
378;"V9080";"$1.";"";1;0;378;"c";TRUE
379;"V9081";"$1.";"";1;0;379;"c";TRUE
380;"V9082";"$1.";"";1;0;380;"c";TRUE
381;"V9083";"$1.";"";1;0;381;"c";TRUE
382;"V9084";"$1.";"";1;0;382;"c";TRUE
383;"V9085";"$1.";"";1;0;383;"c";TRUE
384;"V9861";"2.";"";2;0;385;"i";FALSE
386;"V9862";"2.";"";2;0;387;"i";FALSE
388;"V9087";"$1.";"";1;0;388;"c";TRUE
389;"V9088";"$1.";"";1;0;389;"c";TRUE
390;"V9891";"$1.";"";1;0;390;"c";TRUE
391;"V9892";"2.";"";2;0;392;"i";FALSE
393;"V9990";"$4.";"";4;0;396;"c";TRUE
397;"V9991";"$5.";"";5;0;401;"c";TRUE
402;"V9092";"$1.";"";1;0;402;"c";TRUE
403;"V9093";"$1.";"";1;0;403;"c";TRUE
404;"V9094";"$1.";"";1;0;404;"c";TRUE
405;"V9095";"$1.";"";1;0;405;"c";TRUE
406;"V9096";"$1.";"";1;0;406;"c";TRUE
407;"V9097";"$1.";"";1;0;407;"c";TRUE
408;"V9981";"$1.";"";1;0;408;"c";TRUE
409;"V9982";"12.";"";12;0;420;"d";FALSE
421;"V9984";"$1.";"";1;0;421;"c";TRUE
422;"V9985";"12.";"";12;0;433;"d";FALSE
434;"V9987";"$1.";"";1;0;434;"c";TRUE
435;"V9099";"$1.";"";1;0;435;"c";TRUE
436;"V9100";"$1.";"";1;0;436;"c";TRUE
437;"V9101";"2.";"";2;0;438;"i";FALSE
439;"V1021";"$1.";"";1;0;439;"c";TRUE
440;"V1022";"12.";"";12;0;451;"d";FALSE
452;"V1024";"$1.";"";1;0;452;"c";TRUE
453;"V1025";"12.";"";12;0;464;"d";FALSE
465;"V1027";"$1.";"";1;0;465;"c";TRUE
466;"V1028";"$1.";"";1;0;466;"c";TRUE
467;"V9103";"$1.";"";1;0;467;"c";TRUE
468;"V9104";"$1.";"";1;0;468;"c";TRUE
469;"V9105";"2.";"";2;0;470;"i";FALSE
471;"V9106";"$1.";"";1;0;471;"c";TRUE
472;"V9107";"$1.";"";1;0;472;"c";TRUE
473;"V9108";"$1.";"";1;0;473;"c";TRUE
474;"V1091";"2.";"";2;0;475;"i";FALSE
476;"V1092";"2.";"";2;0;477;"i";FALSE
478;"V9910";"$4.";"";4;0;481;"c";TRUE
482;"V9911";"$5.";"";5;0;486;"c";TRUE
487;"V9112";"$1.";"";1;0;487;"c";TRUE
488;"V9113";"$1.";"";1;0;488;"c";TRUE
489;"V9114";"$1.";"";1;0;489;"c";TRUE
490;"V9115";"$1.";"";1;0;490;"c";TRUE
491;"V9116";"$1.";"";1;0;491;"c";TRUE
492;"V9117";"$1.";"";1;0;492;"c";TRUE
493;"V9118";"$1.";"";1;0;493;"c";TRUE
494;"V9119";"$1.";"";1;0;494;"c";TRUE
495;"V9120";"$1.";"";1;0;495;"c";TRUE
496;"V9121";"$1.";"";1;0;496;"c";TRUE
497;"V9921";"2.";"";2;0;498;"i";FALSE
499;"V9122";"$1.";"";1;0;499;"c";TRUE
500;"V9123";"$1.";"";1;0;500;"c";TRUE
501;"V9124";"$1.";"";1;0;501;"c";TRUE
502;"V1251";"$2.";"";2;0;503;"c";TRUE
504;"V1252";"12.";"";12;0;515;"d";FALSE
516;"V1254";"$2.";"";2;0;517;"c";TRUE
518;"V1255";"12.";"";12;0;529;"d";FALSE
530;"V1257";"$2.";"";2;0;531;"c";TRUE
532;"V1258";"12.";"";12;0;543;"d";FALSE
544;"V1260";"$2.";"";2;0;545;"c";TRUE
546;"V1261";"12.";"";12;0;557;"d";FALSE
558;"V1263";"$2.";"";2;0;559;"c";TRUE
560;"V1264";"12.";"";12;0;571;"d";FALSE
572;"V1266";"$2.";"";2;0;573;"c";TRUE
574;"V1267";"12.";"";12;0;585;"d";FALSE
586;"V1269";"$2.";"";2;0;587;"c";TRUE
588;"V1270";"12.";"";12;0;599;"d";FALSE
600;"V1272";"$2.";"";2;0;601;"c";TRUE
602;"V1273";"12.";"";12;0;613;"d";FALSE
614;"V1101";"$1.";"";1;0;614;"c";TRUE
615;"V1141";"2.";"";2;0;616;"i";FALSE
617;"V1142";"2.";"";2;0;618;"i";FALSE
619;"V1151";"2.";"";2;0;620;"i";FALSE
621;"V1152";"2.";"";2;0;622;"i";FALSE
623;"V1153";"$1.";"";1;0;623;"c";TRUE
624;"V1154";"$1.";"";1;0;624;"c";TRUE
625;"V1161";"$2.";"";2;0;626;"c";TRUE
627;"V1162";"$2.";"";2;0;628;"c";TRUE
629;"V1163";"$1.";"";1;0;629;"c";TRUE
630;"V1164";"$1.";"";1;0;630;"c";TRUE
631;"V1107";"$1.";"";1;0;631;"c";TRUE
632;"V1181";"$2.";"";2;0;633;"c";TRUE
634;"V1182";"$4.";"";4;0;637;"c";TRUE
638;"V1109";"$1.";"";1;0;638;"c";TRUE
639;"V1110";"$1.";"";1;0;639;"c";TRUE
640;"V1111";"2.";"";2;0;641;"i";FALSE
642;"V1112";"2.";"";2;0;643;"i";FALSE
644;"V1113";"$1.";"";1;0;644;"c";TRUE
645;"V1114";"$1.";"";1;0;645;"c";TRUE
646;"V4801";"$2.";"";2;0;647;"c";TRUE
648;"V4802";"$2.";"";2;0;649;"c";TRUE
650;"V4803";"$2.";"";2;0;651;"c";TRUE
652;"V4704";"$1.";"";1;0;652;"c";TRUE
653;"V4805";"$1.";"";1;0;653;"c";TRUE
654;"V4706";"$2.";"";2;0;655;"c";TRUE
656;"V4707";"$1.";"";1;0;656;"c";TRUE
657;"V4808";"$1.";"";1;0;657;"c";TRUE
658;"V4809";"$2.";"";2;0;659;"c";TRUE
660;"V4810";"$2.";"";2;0;661;"c";TRUE
662;"V4711";"$1.";"";1;0;662;"c";TRUE
663;"V4812";"$1.";"";1;0;663;"c";TRUE
664;"V4713";"$1.";"";1;0;664;"c";TRUE
665;"V4814";"$1.";"";1;0;665;"c";TRUE
666;"V4715";"$2.";"";2;0;667;"c";TRUE
668;"V4816";"$2.";"";2;0;669;"c";TRUE
670;"V4817";"$2.";"";2;0;671;"c";TRUE
672;"V4718";"12.";"";12;0;683;"d";FALSE
684;"V4719";"12.";"";12;0;695;"d";FALSE
696;"V4720";"12.";"";12;0;707;"d";FALSE
708;"V4721";"12.";"";12;0;719;"d";FALSE
720;"V4722";"12.";"";12;0;731;"d";FALSE
732;"V4723";"$2.";"";2;0;733;"c";TRUE
734;"V4724";"2.";"";2;0;735;"i";FALSE
736;"V4727";"$1.";"";1;0;736;"c";TRUE
737;"V4728";"$1.";"";1;0;737;"c";TRUE
738;"V4729";"5.";"";5;0;742;"i";FALSE
743;"V4732";"5.";"";5;0;747;"i";FALSE
748;"V4735";"$1.";"";1;0;748;"c";TRUE
749;"V4838";"$1.";"";1;0;749;"c";TRUE
750;"V6502";"$1.";"";1;0;750;"c";TRUE
751;"V4741";"2.";"";2;0;752;"i";FALSE
753;"V4742";"12.";"";12;0;764;"d";FALSE
765;"V4743";"$2.";"";2;0;766;"c";TRUE
767;"V4745";"$1.";"";1;0;767;"c";TRUE
768;"V4746";"$1.";"";1;0;768;"c";TRUE
769;"V4747";"$1.";"";1;0;769;"c";TRUE
770;"V4748";"$1.";"";1;0;770;"c";TRUE
771;"V4749";"$1.";"";1;0;771;"c";TRUE
772;"V4750";"12.";"";12;0;783;"d";FALSE
784;"V9993";"$8.";"";8;0;791;"c";TRUE
792;"V2500";"$2.";"";2;0;793;"c";TRUE
794;"V2501";"$1.";"";1;0;794;"c";TRUE
795;"V2502";"$1.";"";1;0;795;"c";TRUE
796;"V2503";"$1.";"";1;0;796;"c";TRUE
797;"V2504";"$1.";"";1;0;797;"c";TRUE
798;"V2505";"$1.";"";1;0;798;"c";TRUE
799;"V2506";"$1.";"";1;0;799;"c";TRUE
800;"V2507";"$1.";"";1;0;800;"c";TRUE
801;"V6701";"$1.";"";1;0;801;"c";TRUE
802;"V6702";"$4.";"";4;0;805;"c";TRUE
806;"V2509";"$1.";"";1;0;806;"c";TRUE
807;"V2510";"$1.";"";1;0;807;"c";TRUE
808;"V6703";"$1.";"";1;0;808;"c";TRUE
809;"V6704";"$4.";"";4;0;812;"c";TRUE
813;"V2512";"$1.";"";1;0;813;"c";TRUE
814;"V2513";"$1.";"";1;0;814;"c";TRUE
815;"V6705";"$1.";"";1;0;815;"c";TRUE
816;"V6706";"$4.";"";4;0;819;"c";TRUE
820;"V2515";"$1.";"";1;0;820;"c";TRUE
821;"V2516";"$1.";"";1;0;821;"c";TRUE
822;"V2517";"$1.";"";1;0;822;"c";TRUE
823;"V2518";"$1.";"";1;0;823;"c";TRUE
824;"V2519";"$1.";"";1;0;824;"c";TRUE
825;"V2520";"$1.";"";1;0;825;"c";TRUE
826;"V6707";"$1.";"";1;0;826;"c";TRUE
827;"V6708";"$4.";"";4;0;830;"c";TRUE
831;"V6709";"$1.";"";1;0;831;"c";TRUE
832;"V6710";"$2.";"";2;0;833;"c";TRUE
834;"V2523";"$1.";"";1;0;834;"c";TRUE
835;"V2524";"$1.";"";1;0;835;"c";TRUE
836;"V2525";"$1.";"";1;0;836;"c";TRUE
837;"V2526";"$1.";"";1;0;837;"c";TRUE
838;"V6711";"$1.";"";1;0;838;"c";TRUE
839;"V6712";"$4.";"";4;0;842;"c";TRUE
843;"V2528";"$1.";"";1;0;843;"c";TRUE
844;"V2529";"$1.";"";1;0;844;"c";TRUE
845;"V2530";"$1.";"";1;0;845;"c";TRUE
846;"V2531";"$1.";"";1;0;846;"c";TRUE
847;"V6713";"$1.";"";1;0;847;"c";TRUE
848;"V6714";"$4.";"";4;0;851;"c";TRUE
852;"V6715";"$1.";"";1;0;852;"c";TRUE
853;"V6716";"$2.";"";2;0;854;"c";TRUE
855;"V2534";"$1.";"";1;0;855;"c";TRUE
856;"V2535";"$1.";"";1;0;856;"c";TRUE
857;"V2536";"$1.";"";1;0;857;"c";TRUE
858;"V2537";"$1.";"";1;0;858;"c";TRUE
859;"V6717";"$1.";"";1;0;859;"c";TRUE
860;"V6718";"$4.";"";4;0;863;"c";TRUE
864;"V2539";"$1.";"";1;0;864;"c";TRUE
865;"V2540";"$1.";"";1;0;865;"c";TRUE
866;"V2541";"$1.";"";1;0;866;"c";TRUE
867;"V6719";"$1.";"";1;0;867;"c";TRUE
868;"V6720";"$4.";"";4;0;871;"c";TRUE
872;"V6721";"$1.";"";1;0;872;"c";TRUE
873;"V6722";"$2.";"";2;0;874;"c";TRUE
875;"V2544";"$1.";"";1;0;875;"c";TRUE
876;"V2545";"$1.";"";1;0;876;"c";TRUE
877;"V2546";"$1.";"";1;0;877;"c";TRUE
878;"V2547";"$1.";"";1;0;878;"c";TRUE
879;"V6723";"$1.";"";1;0;879;"c";TRUE
880;"V6724";"$4.";"";4;0;883;"c";TRUE
884;"V2549";"$1.";"";1;0;884;"c";TRUE
885;"V2550";"$1.";"";1;0;885;"c";TRUE
886;"V2551";"$1.";"";1;0;886;"c";TRUE
887;"V6725";"$1.";"";1;0;887;"c";TRUE
888;"V6726";"$4.";"";4;0;891;"c";TRUE
892;"V6727";"$1.";"";1;0;892;"c";TRUE
893;"V6728";"$2.";"";2;0;894;"c";TRUE
895;"V2554";"$1.";"";1;0;895;"c";TRUE
896;"V2555";"$1.";"";1;0;896;"c";TRUE
897;"V2556";"$1.";"";1;0;897;"c";TRUE
898;"V2557";"$2.";"";2;0;899;"c";TRUE
900;"V2601";"$1.";"";1;0;900;"c";TRUE
901;"V2602";"$1.";"";1;0;901;"c";TRUE
902;"V2603";"$1.";"";1;0;902;"c";TRUE
903;"V2604";"$1.";"";1;0;903;"c";TRUE
904;"V2605";"$1.";"";1;0;904;"c";TRUE
905;"V2606";"$1.";"";1;0;905;"c";TRUE
906;"V2608";"$1.";"";1;0;906;"c";TRUE
907;"V2609";"$1.";"";1;0;907;"c";TRUE
908;"V2610";"$1.";"";1;0;908;"c";TRUE
909;"V2611";"$1.";"";1;0;909;"c";TRUE
910;"V2612";"$1.";"";1;0;910;"c";TRUE
911;"V6613";"$4.";"";4;0;914;"c";TRUE
915;"V2614";"$1.";"";1;0;915;"c";TRUE
916;"V2615";"$1.";"";1;0;916;"c";TRUE
917;"V2616";"$1.";"";1;0;917;"c";TRUE
918;"V2617";"$1.";"";1;0;918;"c";TRUE
919;"V6618";"$3.";"";3;0;921;"c";TRUE
922;"V2619";"$1.";"";1;0;922;"c";TRUE
923;"V2620";"$1.";"";1;0;923;"c";TRUE
924;"V2621";"$1.";"";1;0;924;"c";TRUE
925;"V2622";"$1.";"";1;0;925;"c";TRUE
926;"V2623";"$1.";"";1;0;926;"c";TRUE
927;"V2624";"$1.";"";1;0;927;"c";TRUE
928;"V2626";"$1.";"";1;0;928;"c";TRUE
929;"V2627";"$1.";"";1;0;929;"c";TRUE
930;"V2628";"$1.";"";1;0;930;"c";TRUE
931;"V2629";"$1.";"";1;0;931;"c";TRUE
932;"V2630";"$1.";"";1;0;932;"c";TRUE
933;"V2631";"$1.";"";1;0;933;"c";TRUE
934;"V2632";"$1.";"";1;0;934;"c";TRUE
935;"V2633";"$1.";"";1;0;935;"c";TRUE
936;"V2634";"$1.";"";1;0;936;"c";TRUE
937;"V6635";"$4.";"";4;0;940;"c";TRUE
941;"V2636";"$1.";"";1;0;941;"c";TRUE
942;"V2637";"$1.";"";1;0;942;"c";TRUE
943;"V2638";"$1.";"";1;0;943;"c";TRUE
944;"V2639";"$1.";"";1;0;944;"c";TRUE
945;"V2640";"$1.";"";1;0;945;"c";TRUE
946;"V2641";"$1.";"";1;0;946;"c";TRUE
947;"V2642";"$1.";"";1;0;947;"c";TRUE
948;"V2643";"$1.";"";1;0;948;"c";TRUE
949;"V2644";"$1.";"";1;0;949;"c";TRUE
950;"V6645";"$3.";"";3;0;952;"c";TRUE
953;"V2646";"$1.";"";1;0;953;"c";TRUE
954;"V2647";"$1.";"";1;0;954;"c";TRUE
955;"V2648";"$1.";"";1;0;955;"c";TRUE
956;"V2649";"$1.";"";1;0;956;"c";TRUE
957;"V2650";"$1.";"";1;0;957;"c";TRUE
958;"V2651";"$1.";"";1;0;958;"c";TRUE
959;"V2652";"$1.";"";1;0;959;"c";TRUE
960;"V2653";"$1.";"";1;0;960;"c";TRUE
961;"V2654";"$1.";"";1;0;961;"c";TRUE
962;"V2655";"$1.";"";1;0;962;"c";TRUE
963;"V2656";"$2.";"";2;0;964;"c";TRUE
965;"V9993";"$8.";"";8;0;972;"c";TRUE
