"int_pos";"var_name";"x";"label";"length";"decimal_places";"fin_pos";"col_type";"CHAR"
1;"V0101";"$4.";"";4;0;4;"c";TRUE
5;"V0102";"$8.";"";8;0;12;"c";TRUE
13;"V0103";"$3.";"";3;0;15;"c";TRUE
16;"V0104";"$2.";"";2;0;17;"c";TRUE
18;"V0105";"2.";"";2;0;19;"i";FALSE
20;"V0106";"2.";"";2;0;21;"i";FALSE
22;"V0201";"$1.";"";1;0;22;"c";TRUE
23;"V0202";"$1.";"";1;0;23;"c";TRUE
24;"V0203";"$1.";"";1;0;24;"c";TRUE
25;"V0204";"$1.";"";1;0;25;"c";TRUE
26;"V0205";"2.";"";2;0;27;"i";FALSE
28;"V0206";"2.";"";2;0;29;"i";FALSE
30;"V0207";"$1.";"";1;0;30;"c";TRUE
31;"V0208";"12.";"";12;0;42;"d";FALSE
43;"V2081";"$1.";"";1;0;43;"c";TRUE
44;"V0209";"12.";"";12;0;55;"d";FALSE
56;"V2091";"$1.";"";1;0;56;"c";TRUE
57;"V0210";"$1.";"";1;0;57;"c";TRUE
58;"V0211";"$1.";"";1;0;58;"c";TRUE
59;"V0212";"$1.";"";1;0;59;"c";TRUE
60;"V0213";"$1.";"";1;0;60;"c";TRUE
61;"V0214";"$1.";"";1;0;61;"c";TRUE
62;"V0215";"$1.";"";1;0;62;"c";TRUE
63;"V0216";"$1.";"";1;0;63;"c";TRUE
64;"V2016";"2.";"";2;0;65;"i";FALSE
66;"V0217";"$1.";"";1;0;66;"c";TRUE
67;"V0218";"$1.";"";1;0;67;"c";TRUE
68;"V0219";"$1.";"";1;0;68;"c";TRUE
69;"V0220";"$1.";"";1;0;69;"c";TRUE
70;"V2020";"$1.";"";1;0;70;"c";TRUE
71;"V0221";"$1.";"";1;0;71;"c";TRUE
72;"V0222";"$1.";"";1;0;72;"c";TRUE
73;"V0223";"$1.";"";1;0;73;"c";TRUE
74;"V0224";"$1.";"";1;0;74;"c";TRUE
75;"V0225";"$1.";"";1;0;75;"c";TRUE
76;"V0226";"$1.";"";1;0;76;"c";TRUE
77;"V0227";"$1.";"";1;0;77;"c";TRUE
78;"V0228";"$1.";"";1;0;78;"c";TRUE
79;"V0229";"$1.";"";1;0;79;"c";TRUE
80;"V0230";"$1.";"";1;0;80;"c";TRUE
81;"V0231";"$1.";"";1;0;81;"c";TRUE
82;"V0232";"$1.";"";1;0;82;"c";TRUE
83;"V2001";"$1.";"";1;0;83;"c";TRUE
84;"V2002";"$2.";"";2;0;85;"c";TRUE
86;"V2003";"$1.";"";1;0;86;"c";TRUE
87;"V2004";"$1.";"";1;0;87;"c";TRUE
88;"V2005";"$1.";"";1;0;88;"c";TRUE
89;"V0620";"$1.";"";1;0;89;"c";TRUE
90;"V2007";"$1.";"";1;0;90;"c";TRUE
91;"V2008";"2.";"";2;0;92;"i";FALSE
93;"V2009";"$1.";"";1;0;93;"c";TRUE
94;"V1020";"2.";"";2;0;95;"i";FALSE
96;"V2011";"$1.";"";1;0;96;"c";TRUE
97;"V2012";"$1.";"";1;0;97;"c";TRUE
98;"V2013";"2.";"";2;0;99;"i";FALSE
100;"V2014";"$1.";"";1;0;100;"c";TRUE
101;"V2015";"2.";"";2;0;102;"i";FALSE
103;"V1600";"$1.";"";1;0;103;"c";TRUE
104;"V2101";"$1.";"";1;0;104;"c";TRUE
105;"V2102";"$2.";"";2;0;106;"c";TRUE
107;"V2103";"$1.";"";1;0;107;"c";TRUE
108;"V2104";"$1.";"";1;0;108;"c";TRUE
109;"V2105";"$1.";"";1;0;109;"c";TRUE
110;"V2106";"$1.";"";1;0;110;"c";TRUE
111;"V2107";"$1.";"";1;0;111;"c";TRUE
112;"V2108";"$1.";"";1;0;112;"c";TRUE
113;"V2109";"$1.";"";1;0;113;"c";TRUE
114;"V2110";"$1.";"";1;0;114;"c";TRUE
115;"V2111";"$1.";"";1;0;115;"c";TRUE
116;"V2112";"$1.";"";1;0;116;"c";TRUE
117;"V2113";"$1.";"";1;0;117;"c";TRUE
118;"V2114";"$1.";"";1;0;118;"c";TRUE
119;"V2115";"$1.";"";1;0;119;"c";TRUE
120;"V2116";"$1.";"";1;0;120;"c";TRUE
121;"V2117";"$1.";"";1;0;121;"c";TRUE
122;"V2118";"$1.";"";1;0;122;"c";TRUE
123;"V2119";"$1.";"";1;0;123;"c";TRUE
124;"V2120";"$1.";"";1;0;124;"c";TRUE
125;"V2121";"$1.";"";1;0;125;"c";TRUE
126;"V2122";"$1.";"";1;0;126;"c";TRUE
127;"V2123";"$1.";"";1;0;127;"c";TRUE
128;"V2124";"$1.";"";1;0;128;"c";TRUE
129;"V2125";"$1.";"";1;0;129;"c";TRUE
130;"V2126";"$1.";"";1;0;130;"c";TRUE
131;"V2127";"$1.";"";1;0;131;"c";TRUE
132;"V2128";"$1.";"";1;0;132;"c";TRUE
133;"V2129";"$1.";"";1;0;133;"c";TRUE
134;"V2130";"$1.";"";1;0;134;"c";TRUE
135;"V2131";"$1.";"";1;0;135;"c";TRUE
136;"V2132";"$1.";"";1;0;136;"c";TRUE
137;"V2133";"$1.";"";1;0;137;"c";TRUE
138;"V2134";"$1.";"";1;0;138;"c";TRUE
139;"V2135";"$1.";"";1;0;139;"c";TRUE
140;"V2136";"$1.";"";1;0;140;"c";TRUE
141;"V4105";"$1.";"";1;0;141;"c";TRUE
142;"V4106";"$1.";"";1;0;142;"c";TRUE
143;"V4107";"$1.";"";1;0;143;"c";TRUE
144;"V4600";"$2.";"";2;0;145;"c";TRUE
146;"V4601";"$2.";"";2;0;147;"c";TRUE
148;"V4602";"$4.";"";4;0;151;"c";TRUE
152;"V4604";"2.";"";2;0;153;"i";FALSE
154;"V4605";"12.10";"";12;10;165;"d";FALSE
166;"V4606";"3.";"";3;0;168;"i";FALSE
169;"V4607";"12.10";"";12;10;180;"d";FALSE
181;"V4608";"6.1";"";6;1;186;"d";FALSE
187;"V4609";"9.";"";9;0;195;"i";FALSE
196;"V4610";"3.";"";3;0;198;"i";FALSE
199;"V4611";"5.";"";5;0;203;"i";FALSE
204;"V4614";"12.";"";12;0;215;"d";FALSE
216;"UPA";"$3.";"";3;0;218;"c";TRUE
219;"V4617";"$7.";"";7;0;225;"c";TRUE
226;"V4618";"$7.";"";7;0;232;"c";TRUE
233;"V4619";"5.2";"";5;2;237;"d";FALSE
238;"V4620";"2.";"";2;0;239;"i";FALSE
240;"V4621";"12.";"";12;0;251;"d";FALSE
252;"V4622";"$2.";"";2;0;253;"c";TRUE
254;"V4623";"$2.";"";2;0;255;"c";TRUE
256;"V9992";"$8.";"";8;0;263;"c";TRUE
