"int_pos";"var_name";"x";"label";"length";"decimal_places";"fin_pos";"col_type";"CHAR"
1;"V0001";NA;NA;2;NA;2;"c";FALSE
3;"V0002";NA;NA;5;NA;7;"c";FALSE
8;"V0011";NA;NA;13;NA;20;"c";FALSE
21;"V0300";NA;NA;8;NA;28;"d";FALSE
29;"V0010";NA;NA;3;13;44;"d";FALSE
45;"V1001";NA;NA;1;NA;45;"c";TRUE
46;"V1002";NA;NA;2;NA;47;"c";FALSE
48;"V1003";NA;NA;3;NA;50;"c";FALSE
51;"V1004";NA;NA;2;NA;52;"c";FALSE
53;"V1006 ";NA;NA;1;NA;53;"c";FALSE
54;"V0502";NA;NA;2;NA;55;"c";FALSE
56;"V0504";NA;NA;2;NA;57;"c";FALSE
58;"V0601";NA;NA;1;NA;58;"c";TRUE
59;"V6033";NA;NA;3;NA;61;"d";FALSE
62;"V6036";NA;NA;3;NA;64;"d";FALSE
65;"V6037";NA;NA;2;NA;66;"d";FALSE
67;"V6040";NA;NA;1;NA;67;"c";FALSE
68;"V0606";NA;NA;1;NA;68;"c";TRUE
69;"V0613";NA;NA;1;NA;69;"c";FALSE
70;"V0614";NA;NA;1;NA;70;"c";FALSE
71;"V0615";NA;NA;1;NA;71;"c";FALSE
72;"V0616";NA;NA;1;NA;72;"c";FALSE
73;"V0617";NA;NA;1;NA;73;"c";FALSE
74;"V0618";NA;NA;1;NA;74;"c";FALSE
75;"V0619";NA;NA;1;NA;75;"c";FALSE
76;"V0620";NA;NA;1;NA;76;"c";FALSE
77;"V0621";NA;NA;4;NA;80;"c";FALSE
81;"V0622";NA;NA;1;NA;81;"c";FALSE
82;"V6222";NA;NA;7;NA;88;"c";FALSE
89;"V6224";NA;NA;7;NA;95;"c";FALSE
96;"V0623";NA;NA;3;NA;98;"c";FALSE
99;"V0624";NA;NA;3;NA;101;"c";FALSE
102;"V0625";NA;NA;1;NA;102;"c";FALSE
103;"V6252";NA;NA;7;NA;109;"c";FALSE
110;"V6254";NA;NA;7;NA;116;"c";FALSE
117;"V6256";NA;NA;7;NA;123;"c";FALSE
124;"V0626";NA;NA;1;NA;124;"c";FALSE
125;"V6262";NA;NA;7;NA;131;"c";FALSE
132;"V6264";NA;NA;7;NA;138;"c";FALSE
139;"V6266";NA;NA;7;NA;145;"c";FALSE
146;"V0627";NA;NA;1;NA;146;"c";FALSE
147;"V0628";NA;NA;1;NA;147;"c";FALSE
148;"V0629";NA;NA;2;NA;149;"c";TRUE
150;"V0630";NA;NA;2;NA;151;"c";FALSE
152;"V0631";NA;NA;1;NA;152;"c";FALSE
153;"V0632";NA;NA;1;NA;153;"c";FALSE
154;"V0633";NA;NA;2;NA;155;"c";FALSE
156;"V0634";NA;NA;1;NA;156;"c";FALSE
157;"V0635";NA;NA;1;NA;157;"c";FALSE
158;"V6400";NA;NA;1;NA;158;"c";FALSE
159;"V6352";NA;NA;3;NA;161;"c";FALSE
162;"V6354";NA;NA;3;NA;164;"c";FALSE
165;"V6356";NA;NA;3;NA;167;"c";FALSE
168;"V0636";NA;NA;1;NA;168;"c";FALSE
169;"V6362";NA;NA;7;NA;175;"c";FALSE
176;"V6364";NA;NA;7;NA;182;"c";FALSE
183;"V6366";NA;NA;7;NA;189;"c";FALSE
190;"V0637";NA;NA;1;NA;190;"c";FALSE
191;"V0638";NA;NA;2;NA;192;"c";FALSE
193;"V0639";NA;NA;1;NA;193;"c";FALSE
194;"V0640";NA;NA;1;NA;194;"c";FALSE
195;"V0641";NA;NA;1;NA;195;"c";FALSE
196;"V0642";NA;NA;1;NA;196;"c";FALSE
197;"V0643";NA;NA;1;NA;197;"c";FALSE
198;"V0644";NA;NA;1;NA;198;"c";FALSE
199;"V0645";NA;NA;1;NA;199;"c";TRUE
200;"V6461";NA;NA;4;NA;203;"c";FALSE
204;"V6471";NA;NA;5;NA;208;"c";FALSE
209;"V0648";NA;NA;1;NA;209;"c";FALSE
210;"V0649";NA;NA;1;NA;210;"c";FALSE
211;"V0650";NA;NA;1;NA;211;"c";FALSE
212;"V0651";NA;NA;1;NA;212;"c";FALSE
213;"V6511";NA;NA;6;NA;218;"d";FALSE
219;"V6513";NA;NA;6;NA;224;"d";FALSE
225;"V6514";NA;NA;4;2;230;"d";FALSE
231;"V0652";NA;NA;1;NA;231;"c";FALSE
232;"V6521";NA;NA;6;NA;237;"d";FALSE
238;"V6524";NA;NA;4;5;246;"d";FALSE
247;"V6525";NA;NA;7;NA;253;"d";FALSE
254;"V6526";NA;NA;4;5;262;"d";FALSE
263;"V6527";NA;NA;7;NA;269;"d";FALSE
270;"V6528";NA;NA;4;5;278;"d";FALSE
279;"V6529";NA;NA;7;NA;285;"d";FALSE
286;"V6530";NA;NA;5;5;295;"d";FALSE
296;"V6531";NA;NA;6;2;303;"d";FALSE
304;"V6532";NA;NA;4;5;312;"d";FALSE
313;"V0653";NA;NA;3;NA;315;"d";FALSE
316;"V0654";NA;NA;1;NA;316;"c";FALSE
317;"V0655";NA;NA;1;NA;317;"c";FALSE
318;"V0656";NA;NA;1;NA;318;"c";FALSE
319;"V0657";NA;NA;1;NA;319;"c";FALSE
320;"V0658";NA;NA;1;NA;320;"c";FALSE
321;"V0659";NA;NA;1;NA;321;"c";FALSE
322;"V6591";NA;NA;6;NA;327;"d";FALSE
328;"V0660";NA;NA;1;NA;328;"c";FALSE
329;"V6602";NA;NA;7;NA;335;"c";FALSE
336;"V6604";NA;NA;7;NA;342;"c";FALSE
343;"V6606";NA;NA;7;NA;349;"c";FALSE
350;"V0661";NA;NA;1;NA;350;"c";FALSE
351;"V0662";NA;NA;1;NA;351;"c";FALSE
352;"V0663";NA;NA;1;NA;352;"c";TRUE
353;"V6631";NA;NA;2;NA;354;"d";FALSE
355;"V6632";NA;NA;2;NA;356;"d";FALSE
357;"V6633  ";NA;NA;2;NA;358;"d";FALSE
359;"V0664";NA;NA;1;NA;359;"c";FALSE
360;"V6641";NA;NA;2;NA;361;"d";FALSE
362;"V6642";NA;NA;2;NA;363;"d";FALSE
364;"V6643";NA;NA;2;NA;365;"d";FALSE
366;"V0665";NA;NA;1;NA;366;"c";FALSE
367;"V6660";NA;NA;3;NA;369;"d";FALSE
370;"V6664";NA;NA;1;NA;370;"c";FALSE
371;"V0667";NA;NA;1;NA;371;"c";FALSE
372;"V0668";NA;NA;1;NA;372;"c";FALSE
373;"V6681";NA;NA;2;NA;374;"c";FALSE
375;"V6682";NA;NA;4;NA;378;"c";FALSE
379;"V0669";NA;NA;1;NA;379;"c";FALSE
380;"V6691";NA;NA;2;NA;381;"d";FALSE
382;"V6692";NA;NA;2;NA;383;"d";FALSE
384;"V6693";NA;NA;2;NA;385;"d";FALSE
386;"V6800";NA;NA;2;NA;387;"d";FALSE
388;"V0670";NA;NA;1;NA;388;"c";FALSE
389;"V0671";NA;NA;2;NA;390;"c";FALSE
391;"V6900";NA;NA;1;NA;391;"c";FALSE
392;"V6910";NA;NA;1;NA;392;"c";FALSE
393;"V6920";NA;NA;1;NA;393;"c";FALSE
394;"V6930";NA;NA;1;NA;394;"c";FALSE
395;"V6940";NA;NA;1;NA;395;"c";FALSE
396;"V6121";NA;NA;3;NA;398;"c";FALSE
399;"V0604";NA;NA;1;NA;399;"c";TRUE
400;"V0605";NA;NA;2;NA;401;"c";FALSE
402;"V5020";NA;NA;2;NA;403;"c";TRUE
404;"V5060";NA;NA;2;NA;405;"d";FALSE
406;"V5070";NA;NA;6;2;413;"d";FALSE
414;"V5080";NA;NA;4;5;422;"d";FALSE
423;"V6462";NA;NA;4;NA;426;"c";FALSE
427;"V6472";NA;NA;5;NA;431;"c";FALSE
432;"V5110";NA;NA;1;NA;432;"c";TRUE
433;"V5120";NA;NA;1;NA;433;"c";TRUE
434;"V5030";NA;NA;1;NA;434;"c";TRUE
435;"V5040";NA;NA;1;NA;435;"c";TRUE
436;"V5090";NA;NA;1;NA;436;"c";TRUE
437;"V5100";NA;NA;1;NA;437;"c";TRUE
438;"V5130";NA;NA;2;NA;439;"c";FALSE
440;"M0502";NA;NA;1;NA;440;"c";TRUE
441;"M0601";NA;NA;1;NA;441;"c";TRUE
442;"M6033";NA;NA;1;NA;442;"c";TRUE
443;"M0606";NA;NA;1;NA;443;"c";TRUE
444;"M0613";NA;NA;1;NA;444;"c";TRUE
445;"M0614";NA;NA;1;NA;445;"c";TRUE
446;"M0615";NA;NA;1;NA;446;"c";TRUE
447;"M0616";NA;NA;1;NA;447;"c";TRUE
448;"M0617";NA;NA;1;NA;448;"c";TRUE
449;"M0618";NA;NA;1;NA;449;"c";TRUE
450;"M0619";NA;NA;1;NA;450;"c";TRUE
451;"M0620";NA;NA;1;NA;451;"c";TRUE
452;"M0621";NA;NA;1;NA;452;"c";TRUE
453;"M0622";NA;NA;1;NA;453;"c";TRUE
454;"M6222";NA;NA;1;NA;454;"c";TRUE
455;"M6224";NA;NA;1;NA;455;"c";TRUE
456;"M0623";NA;NA;1;NA;456;"c";TRUE
457;"M0624";NA;NA;1;NA;457;"c";TRUE
458;"M0625";NA;NA;1;NA;458;"c";TRUE
459;"M6252";NA;NA;1;NA;459;"c";TRUE
460;"M6254";NA;NA;1;NA;460;"c";TRUE
461;"M6256";NA;NA;1;NA;461;"c";TRUE
462;"M0626";NA;NA;1;NA;462;"c";TRUE
463;"M6262";NA;NA;1;NA;463;"c";TRUE
464;"M6264";NA;NA;1;NA;464;"c";TRUE
465;"M6266";NA;NA;1;NA;465;"c";TRUE
466;"M0627";NA;NA;1;NA;466;"c";TRUE
467;"M0628";NA;NA;1;NA;467;"c";TRUE
468;"M0629";NA;NA;1;NA;468;"c";TRUE
469;"M0630";NA;NA;1;NA;469;"c";TRUE
470;"M0631";NA;NA;1;NA;470;"c";TRUE
471;"M0632";NA;NA;1;NA;471;"c";TRUE
472;"M0633";NA;NA;1;NA;472;"c";TRUE
473;"M0634";NA;NA;1;NA;473;"c";TRUE
474;"M0635";NA;NA;1;NA;474;"c";TRUE
475;"M6352";NA;NA;1;NA;475;"c";TRUE
476;"M6354";NA;NA;1;NA;476;"c";TRUE
477;"M6356";NA;NA;1;NA;477;"c";TRUE
478;"M0636";NA;NA;1;NA;478;"c";TRUE
479;"M6362";NA;NA;1;NA;479;"c";TRUE
480;"M6364";NA;NA;1;NA;480;"c";TRUE
481;"M6366";NA;NA;1;NA;481;"c";TRUE
482;"M0637";NA;NA;1;NA;482;"c";TRUE
483;"M0638";NA;NA;1;NA;483;"c";TRUE
484;"M0639";NA;NA;1;NA;484;"c";TRUE
485;"M0640";NA;NA;1;NA;485;"c";TRUE
486;"M0641";NA;NA;1;NA;486;"c";TRUE
487;"M0642";NA;NA;1;NA;487;"c";TRUE
488;"M0643";NA;NA;1;NA;488;"c";TRUE
489;"M0644";NA;NA;1;NA;489;"c";TRUE
490;"M0645";NA;NA;1;NA;490;"c";TRUE
491;"M6461";NA;NA;1;NA;491;"c";TRUE
492;"M6471";NA;NA;1;NA;492;"c";TRUE
493;"M0648";NA;NA;1;NA;493;"c";TRUE
494;"M0649";NA;NA;1;NA;494;"c";TRUE
495;"M0650";NA;NA;1;NA;495;"c";TRUE
496;"M0651";NA;NA;1;NA;496;"c";TRUE
497;"M6511";NA;NA;1;NA;497;"c";TRUE
498;"M0652";NA;NA;1;NA;498;"c";TRUE
499;"M6521";NA;NA;1;NA;499;"c";TRUE
500;"M0653";NA;NA;1;NA;500;"c";TRUE
501;"M0654";NA;NA;1;NA;501;"c";TRUE
502;"M0655";NA;NA;1;NA;502;"c";TRUE
503;"M0656";NA;NA;1;NA;503;"c";TRUE
504;"M0657";NA;NA;1;NA;504;"c";TRUE
505;"M0658";NA;NA;1;NA;505;"c";TRUE
506;"M0659";NA;NA;1;NA;506;"c";TRUE
507;"M6591";NA;NA;1;NA;507;"c";TRUE
508;"M0660";NA;NA;1;NA;508;"c";TRUE
509;"M6602";NA;NA;1;NA;509;"c";TRUE
510;"M6604";NA;NA;1;NA;510;"c";TRUE
511;"M6606";NA;NA;1;NA;511;"c";TRUE
512;"M0661";NA;NA;1;NA;512;"c";TRUE
513;"M0662";NA;NA;1;NA;513;"c";TRUE
514;"M0663";NA;NA;1;NA;514;"c";TRUE
515;"M6631";NA;NA;1;NA;515;"c";TRUE
516;"M6632";NA;NA;1;NA;516;"c";TRUE
517;"M6633";NA;NA;1;NA;517;"c";TRUE
518;"M0664";NA;NA;1;NA;518;"c";TRUE
519;"M6641";NA;NA;1;NA;519;"c";TRUE
520;"M6642";NA;NA;1;NA;520;"c";TRUE
521;"M6643";NA;NA;1;NA;521;"c";TRUE
522;"M0665";NA;NA;1;NA;522;"c";TRUE
523;"M6660";NA;NA;1;NA;523;"c";TRUE
524;"M0667";NA;NA;1;NA;524;"c";TRUE
525;"M0668";NA;NA;1;NA;525;"c";TRUE
526;"M6681";NA;NA;1;NA;526;"c";TRUE
527;"M6682";NA;NA;1;NA;527;"c";TRUE
528;"M0669";NA;NA;1;NA;528;"c";TRUE
529;"M6691";NA;NA;1;NA;529;"c";TRUE
530;"M6692";NA;NA;1;NA;530;"c";TRUE
531;"M6693";NA;NA;1;NA;531;"c";TRUE
532;"M0670";NA;NA;1;NA;532;"c";TRUE
533;"M0671";NA;NA;1;NA;533;"c";TRUE
534;"M6800";NA;NA;1;NA;534;"c";TRUE
535;"M6121";NA;NA;1;NA;535;"c";TRUE
536;"M0604";NA;NA;1;NA;536;"c";TRUE
537;"M0605";NA;NA;1;NA;537;"c";TRUE
538;"M6462";NA;NA;1;NA;538;"c";TRUE
539;"M6472";NA;NA;1;NA;539;"c";TRUE
540;"V1005";NA;NA;1;NA;540;"c";TRUE
